1110011|1001111| 1001100|1000101|1010100|0110111|1010011| 1010011|1010100|1000001|1010010|1010100| 0101100|1001001|1010100|1001000| 1010100|1001000|1000101| 1110011|1100101|1101100|1100101|1100011|1110100| 1010011|1010100|1000001|1010100|1000101|1001101|1000101|1001110|1010100|0110000| 1101001|1010100|0110111|1010011| 1010000|1010010|1001111|1000010|1000001|1000010|1001100|0101010| 1010100|1001000|1000101| 1000011|1001111|1010010|1001110|1000101|1010010|1010011|1010100|1001111|1001110|1000101| 1001111|1000110|
0101100|1001111|1010010|1001011|1001001|1001110|1000111| 0101100|1001001|1010100|1001000| 1110100|1010010|1000001|1001110|1010011|1000001|1000011|1010100|0110001|1110011|1110001|1101100|0110000| 1101001|1010100|0110111|1010011| 1010100|1001000|1000101|
1000011|1001111|1010010|1000101| 1010011|1010100|1000001|1010100|1000101|1001101|1000101|1001110|1010100| 1010100|1001000|1000001|1010100| 0101010|1001111|0101110| 0101100|1001111|0101110|1001100|1000100| 0101110|1010011|1000101| 0101100|1001000|1000101|1001110| 0101010|1001111|0101110|0110111|1010010|1000101| 1010001|0101110|1000101|1010010|0101010|1001001|1001110|1000111| 1010100|1000001|1000010|1001100|1000101|1010011| 1010100|1001111| 1000111|1000101|1010100| 1000100|1000001|1010100|1000001|
1001111|0101110|1010100| 1001111|1000110| 1010100|1001000|1000101| 1000100|1000001|1010100|1000001|1000010|1000001|1010011|1000101|0110000| 1100001|1001110|1000100| 1001001|1010100| 1001000|1000001|1010011| 1000001| 1001110|0101110|1001101|1000010|1000101|1010010| 1001111|1000110| 1000011|1001100|1000001|0101110|1010011|1000101|1010011|0110010| 1000100|1001111|1001110|0110111|1010100| 0101100|1001111|1010010|1010010|0101010| 1010100|1001111|1001111| 1001101|0101110|1000011|1001000| 1000001|1000010|1001111|0101110|1010100| 1010100|1001000|1000101|
1000100|1000101|1010100|1000001|1001001|1001100|1010011| 1000001|1010100| 1010100|1001000|1001001|1010011| 1010000|1001111|1001001|1001110|1010100|0110000| 0100110|1000101| 1000001|1010010|1000101| 1000111|1001111|1001001|1001110|1000111| 1010100|1001111| 1000011|1001111|0101101|1000101|1010010| 1000101|1000001|1000011|1001000| 1001111|1000110| 1010100|1001000|1000101|1010011|1000101| 1000100|1001001|1000110|1000110|1000101|1010010|1000101|1001110|1010100| 1000011|1001100|1000001|0101110|1010011|1000101|1010011| 1000001|1010011| 0101100|1000101| 1000111|1001111|
1010100|1001000|1010010|1001111|0101110|1000111|1001000| 1010100|1001000|1000101| 1000011|1001111|0101110|1010010|1010011|1000101|0110000|
1100010|0101110|1010100| 1101001| 0101100|1000001|1001110|1010100|1000101|1000100| 1010100|1001111| 1001011|1001001|1001110|1000100| 1001111|1000110| 1010000|0101110|1010100| 1000001|1001110| 1000101|0101011|1000001|1001101|1010000|1001100|1000101| 1010100|1001000|1000101|1010010|1000101| 1010100|1001000|1000001|1010100| 1001011|1001001|1001110|1000100| 1001111|1000110| 1010011|1001000|1001111|0101100|1010011|
1000001|1001100|1001101|1001111|1010011|1010100| 1010100|1001000|1000101| 1000110|0101110|1001100|1001100| 1010011|0101010|1001110|1010100|1000001|0101011| 1001111|1000110| 1010100|1001000|1000101| 1110011|1100101|1101100|1100101|1100011|1110100| 1010011|1010100|1000001|1010100|1000101|1001101|1000101|1001110|1010100|0110000|
1100001|1001110|1000100| 0101010|1001111|0101110| 1010011|1000101|1000101| 1010100|1001000|1000001|1010100| 1001001|1010100| 1010011|1010100|1000001|1010010|1010100|1010011| 0101100|1001001|1010100|1001000| 1000001| 1110011|1100101|1101100|1100101|1100011|1110100|0110000| 1110011|1001111| 1110011|1100101|1101100|1100101|1100011|1110100|
1001001|1010011| 0101100|1001000|1000001|1010100| 0101100|1000101| 0101110|1010011|1000101|1000100| 1010100|1001111| 1010011|1010000|1000101|1000011|1001001|1000110|0101010| 0101100|1001000|1000001|1010100| 1000011|1001111|1001100|0101110|1001101|1001110|1010011| 1000100|1001111| 0101100|1000101| 0101100|1000001|1001110|1010100| 1000010|1000001|1000011|1001011|0110000| 
0100110|1001000|1000001|1010100| 1000100|1001111| 0101100|1000101| 0101100|1000001|1001110|1010100| 1010100|1001111| 1010011|1000101|1000101| 1001001|1001110| 1010100|1001000|1000101| 1010010|1000101|1010011|0101110|1001100|1010100|1010011|0110000| 1100001|1001110|1000100| 1010100|1001000|1000001|1010100| 1000011|1001111|0101110|1001100|1000100| 1000010|1000101|
1000001|1001100|1001100| 1010100|1001000|1000101| 1000011|1001111|1001100|0101110|1001101|1001110|1010011| 1001001|1001110| 1000001| 1010100|1000001|1000010|1001100|1000101|0110010| 1001111|1010010| 1001001|1010100| 1000011|1001111|0101110|1001100|1000100| 1000010|1000101| 1010011|1010000|1000101|1000011|1001001|1000110|1001001|1000011| 1000011|1001111|1001100|0101110|1001101|1001110|1010011| 1001001|1001110| 1000001| 1010100|1000001|1000010|1001100|1000101|0110010|
1001111|1010010| 1000011|1001111|0101110|1001100|1000100| 1000010|1000101| 1000011|1001111|1001100|0101110|1001101|1001110|1010011| 1000110|1010010|1001111|1001101| 1001101|0101110|1001100|1010100|1001001|1010000|1001100|1000101| 1010100|1000001|1000010|1001100|1000101|1010011|0110010| 1001111|1010010| 1001001|1010100| 1000101|0101101|1000101|1001110| 1000010|1000101| 1001100|1001001|1010100|1000101|1010010|1000001|1001100| 0101101|1000001|1001100|0101110|1000101|1010011| 1001111|1010010|
1000101|0101011|1010000|1010010|1000101|1010011|1010011|1001001|1001111|1001110|1010011|0110000| 1100010|0101110|1010100| 1001001|1010100| 1001001|1010011| 0101100|1001000|1000001|1010100| 1000100|1001111| 1101001| 0101100|1000001|1001110|1010100| 1010100|1001111|  1010011|1000101|1000101|
1001001|1001110| 1010100|1001000|1000101| 1010010|1000101|1010011|0101110|1001100|1010100|0110000| 1110100|1001000|1000101| 1010010|1000101|1010011|0101110|1001100|1010100| 1001111|1000110| 1010100|1001000|1000101| 1110011|1100101|1101100|1100101|1100011|1110100| 1010011|1010100|1000001|1010100|1000101|1001101|1000101|1001110|1010100| 1001001|1010011| 1000001|1001100|0101100|1000001|0101010|1010011| 1000001| 0101101|1001001|1010010|1010100|0101110|1000001|1001100| 1010100|1000001|1000010|1001100|1000101|0110000|
1101110|1000101|0101011|1010100| 1001001|1010011| 1100110|1110010|1101111|1101101|0110000| 1110011|1001111| 1001111|1001011|1000001|0101010| 0101100|1000101|1001100|1001100| 1101001| 0101100|1000001|1001110|1010100| 1010100|1001111| 1010011|1000101|1000101| 
1010100|1001000|1001001|1010011| 1000100|1000001|1010100|1000001|0110000| 1101001|1000110| 1001001|1010100|0110111|1010011| 1000011|1001111|1001101|1001001|1001110|1000111| 1000110|1010010|1001111|1001101| 1000101|0101011|1001001|1010011|1010100|1001001|1001110|1000111| 1010100|1000001|1000010|1001100|1000101|1010011|0110010| 0101100|1001000|1001001|1000011|1001000| 1010100|1000001|1000010|1001100|1000101|1010011| 1001001|1010011| 1001001|1010100| 1000011|1001111|1001101|1001001|1001110|1000111| 1000110|1010010|1001111|1001101|0011001|
1110011|1001111| 1010100|1001000|1000101|1010010|1000101|0110111|1010011| 1010100|1001000|1000101| 1100110|1110010|1101111|1101101| 1000011|1001100|1000001|0101110|1010011|1000101| 1010100|1001000|1000001|1010100| 1101001| 0101110|1010011|1000101| 1010100|1001111| 1010011|1010000|1000101|1000011|1001001|1000110|0101010| 1010100|1001000|1000101| 1010011|1001111|0101110|1010010|1000011|1000101| 1001111|1000110|
0101100|1000101|1010010|1000101| 1010100|1001000|1000001|1010100| 1000100|1000001|1010100|1000001| 1000011|1001111|1001101|1000101|1010011| 1000110|1010010|1001111|1001101|0110000| 1100001|1001110|1000100| 1010100|1001000|1000101|1001110| 1101001| 1001101|1001001|1000111|1001000|1010100| 0101100|1000001|1001110|1010100| 1010100|1001111| 1000110|1001001|1001100|1010100|1000101|1010010|0110000| 1101001| 1001101|1001001|1000111|1001000|1010100| 1001110|1001111|1010100| 0101100|1000001|1001110|1010100| 1000001|1001100|1001100| 1010100|1001000|1000101| 1010010|1001111|0101100|1010011| 1000110|1010010|1001111|1001101|
1010100|1001000|1001111|1010011|1000101| 1010100|1000001|1000010|1001100|1000101|1010011|0110010| 1010011|1001111| 1101001| 1001101|1001001|1000111|1001000|1010100| 1000110|1001001|1001100|1010100|1000101|1010010|0110000| 1110011|1001111| 1101001| 1001000|1000001|0101101|1000101| 1000001| 
0100110|1101000|1100101|1110010|1100101| 1000011|1001100|1000001|0101110|1010011|1000101| 0101100|1000101|1010010|1000101| 1101001| 1000011|1000001|1001110| 1010011|1000001|0101010| 1001111|1001110|1001100|0101010| 1000010|1010010|1001001|1001110|1000111| 1000010|1000001|1000011|1001011| 1010100|1001000|1000101| 1010010|1001111|0101100|1010011|
0101100|1001000|1000101|1010010|1000101| 1010100|1001000|1001001|1010011| 1000011|1001111|1001110|1000100|1001001|1010100|1001001|1001111|1001110| 1001001|1010011| 1010100|1010010|0101110|1000101|0110000| 1110011|1001111| 0101100|1000101| 1001000|1000001|0101101|1000101| 1000001| 1010000|1010010|1000101|1000100|1001001|1000011|1000001|1010100|1000101| 1010011|1010100|1000001|1010100|1000101|1001101|1000101|1001110|1010100| 1000001|1010011| 1001001|1010100|0110111|1010011| 1000011|1000001|1001100|1001100|1000101|1000100|
1010100|1001000|1000001|1010100| 1000110|1001001|1001100|1010100|1000101|1010010|1010011| 1010100|1001000|1000101| 1010010|1001111|0101100|1010011| 1010100|1001000|1000001|1010100| 1000011|1001111|1001101|1000101| 1000010|1000001|1000011|1001011|0110000| 1101110|1001111|0101100| 1000001| 1001100|1001111|1010100|
1001111|1000110| 1010011|1010100|1000001|1010100|1000101|1001101|1000101|1001110|1010100|1010011| 1000001|1010010|1000101| 1001010|0101110|1010011|1010100| 1010011|1001001|1001101|1010000|1001100|0101010| 1110011|1100101|1101100|1100101|1100011|1110100| 1100110|1110010|1101111|1101101| 0100110|1101000|1100101|1110010|1100101|0110010| 1010100|1001000|1000001|1010100|0110111|1010011| 1000001| 1000110|1000001|1001001|1010010|1001100|0101010|
1000011|1001111|1001101|1001101|1001111|1001110| 1010000|1000001|1010100|1010100|1000101|1010010|1001110|0110000|
1111001|1001111|0101110| 1001101|1001001|1000111|1001000|1010100| 1000001|1001100|1010011|1001111| 0101100|1000001|1001110|1010100| 1010100|1001111| 1000001|1000111|1000111|1010010|1000101|1000111|1000001|1010100|1000101| 1000001|1001110|1000100| 1000111|1010010|1001111|0101110|1010000| 1000100|1000001|1010100|1000001|0110000| 1110011|1001111| 1101001| 1001101|1001001|1000111|1001000|1010100| 0101100|1000001|1001110|1010100| 1010100|1001111| 1000010|1010010|1001001|1001110|1000111| 1000010|1000001|1000011|1001011|
1001110|1001111|1010100| 1001010|0101110|1010011|1010100| 1010100|1001000|1000101| 1001001|1001110|1000100|1001001|0101101|1001001|1000100|0101110|1000001|1001100| 1010011|1000001|1001100|1000101|1010011| 1001111|1010010|1000100|1000101|1010010|1010011|0110010| 1000010|0101110|1010100| 1010000|1000101|1010010|1001000|1000001|1010000|1010011| 1010100|1001000|1000101| 1010100|1001111|1010100|1000001|1001100|1010011| 1000110|1001111|1010010| 1000101|1000001|1000011|1001000| 1001101|1001111|1001110|1010100|1001000|0110000|
1110011|1001111| 1101001| 1001101|1001001|1000111|1001000|1010100| 1001000|1000001|0101101|1000101| 1000001| 1100111|1110010|1101111|0101000|1110000| 1100010|1111001| 1000011|1001100|1000001|0101110|1010011|1000101| 0101100|1001000|1000101|1010010|1000101| 1101001|0110111|1001101| 1000111|1010010|1001111|0101110|1010000|1001001|1001110|1000111| 1010100|1001000|1000101| 1010010|1000101|1010011|0101110|1001100|1010100|1010011| 1000010|0101010|
1001111|1010010|1000100|1000101|1010010| 1000100|1000001|1010100|1000101| 1001111|1010010| 1001111|1010010|1000100|1000101|1010010| 1001101|1001111|1001110|1010100|1001000|0110000| 1100001|1001110|1000100| 1010100|1001000|1000101|1001110| 1101001| 1001101|1001001|1000111|1001000|1010100| 0101100|1000001|1001110|1010100| 1010100|1001111| 1000110|1001001|1001100|1010100|1000101|1010010| 1010100|1001000|1001111|1010011|1000101| 1000111|1010010|1001111|0101110|1010000|1010011|0110000| 1110011|1001111| 1101001| 1001101|1001001|1000111|1001000|1010100|
0101100|1000001|1001110|1010100| 1010100|1001111| 1010011|1000001|0101010| 1101000|1100001|0100111|1101001|1101110|1100111| 
1000001| 1000011|1001111|0101110|1001110|1010100| 1001111|1000110| 1001111|1010010|1000100|1000101|1010010|1010011| 1001111|1000110| 1001111|0101101|1000101|1010010| 1000001| 1001000|0101110|1001110|1000100|1010010|1000101|1000100|0110000| 1110011|1001111| 1001111|1001110|1001100|0101010| 1000010|1010010|1001001|1001110|1000111| 1000010|1000001|1000011|1001011| 1010100|1001000|1000101| 1001101|1001111|1001110|1010100|1001000|1010011| 0101100|1001000|1000101|1010010|1000101| 0101100|1000101| 1010011|1001111|1001100|1000100|
1001101|1001111|1010010|1000101| 1010100|1001000|1000001|1001110| 1000001| 1001000|0101110|1001110|1000100|1010010|1000101|1000100| 1001001|1010100|1000101|1001101|1010011|0110000|
1110011|1001111| 1010100|1001000|1000101|1010010|1000101|0110111|1010011| 1000001|1001110| 1000001|1000100|1000100|1001001|1010100|1001001|1001111|1001110|1000001|1001100| 1101000|1100001|0100111|1101001|1101110|1100111| 1000011|1001100|1000001|0101110|1010011|1000101|0110000| 1100001|1001110|1000100| 1010100|1001000|1000101|1001110| 1010100|1001000|1000101| 1000110|1001001|1001110|1000001|1001100| 1000011|1000001|0101110|1010011|1000101| 1010100|1001000|1000001|1010100| 0101010|1001111|0101110| 0101110|1010011|0101110|1000001|1001100|1001100|0101010| 1010011|1000101|1000101| 1001001|1001110| 1000001|
1010011|1010100|1000001|1010100|1000101|1001101|1000101|1001110|1010100|0110010| 1001001|1010011| 1000001|1001110| 1101111|1110010|1100100|1100101|1110010| 1100010|1111001| 1000011|1001100|1000001|0101110|1010011|1000101|0110000|
1100010|0101010| 1000100|1000101|1000110|1000001|0101110|1001100|1010100| 1110011|1110001|1101100| 1000100|1001111|1000101|1010011| 1001110|1001111|1010100| 1010010|1000101|1010100|0101110|1010010|1001110| 1010100|1001000|1000101| 1010010|1000101|1010011|0101110|1001100|1010100|1010011| 1001001|1001110| 1000001|1001110|0101010| 1010000|1000001|1010010|1010100|1001001|1000011|0101110|1001100|1000001|1010010| 1001111|1010010|1000100|1000101|1010010|0110000|
1101001|1010100| 1001010|0101110|1010011|1010100| 0110001|0110001| 0101100|1001000|1000001|1010100|1000101|0101101|1000101|1010010| 1001001|1010011| 1010100|1001000|1000101| 1000101|1000001|1010011|1001001|1000101|1010011|1010100| 0101100|1000001|0101010| 1000110|1001111|1010010| 1001001|1010100| 1010100|1001111| 1000111|1000101|1010100| 1010100|1001000|1000101| 1000100|1000001|1010100|1000001|0110010| 1010100|1001000|1000101| 1000110|1000001|1010011|1010100|1000101|1010011|1010100| 0101100|1000001|0101010|0110010| 1001001|1010100|
0101100|1001001|1001100|1001100| 0101110|1010011|1000101| 1010100|1001000|1000001|1010100|
1000001|1001110|1000100| 1010010|1000101|1010100|0101110|1010010|1001110| 1010100|1001000|1000101| 1000100|1000001|1010100|1000001| 1001001|1001110| 0101100|1001000|1000001|1010100|1000101|0101101|1000101|1010010| 1001111|1010010|1000100|1000101|1010010| 1001001|1010100| 1001000|1000001|1010000|1010000|1000101|1001110|1010011| 1010100|1001111| 1000010|1000101| 1001001|1001110|0110000| 1101001|1000110| 0101010|1001111|0101110| 0101100|1000001|1001110|1010100| 1000001|1001110| 1000101|0101011|1010000|1001100|1001001|1000011|1001001|1010100|
1001111|1010010|1000100|1000101|1010010|0110010| 0101010|1001111|0101110| 0101100|1000001|1001110|1010100| 1010100|1001000|1000101|
1000100|1000001|1010100|1000001| 1010100|1001111| 1000010|1000101| 1010011|1001111|1010010|1010100|1000101|1000100| 1001001|1001110| 1000001| 1010000|1000001|1010010|1010100|1001001|1000011|0101110|1001100|1000001|1010010| 1001111|1010010|1000100|1000101|1010010|0110010| 0101010|1001111|0101110| 1010011|1010000|1000101|1000011|1001001|1000110|0101010| 1010100|1001000|1000101| 1101111|1110010|1100100|1100101|1110010| 1100010|1111001| 1000011|1001100|1000001|0101110|1010011|1000101|0110000|
1100001|1001110|1000100| 0101100|1000101|0110111|1001100|1001100| 1001100|1001111|1001111|1001011| 1000001|1010100| 1010100|1001000|1000001|1010100| 1001001|1001110| 1000001| 1000010|1001001|1010100| 1001101|1001111|1010010|1000101| 1000100|1000101|1010100|1000001|1001001|1001100| 1001100|1000001|1010100|1000101|1010010| 1001111|1001110|0110010| 1000010|0101110|1010100| 1010100|1001000|1000001|1010100|0110111|1010011| 1001000|1001111|0101100| 0101100|1000101| 1000100|1001111| 1010100|1001000|1000001|1010100|0110000| 
1110011|1001111| 1010100|1001000|1000101|1010010|1000101|0110111|1010011| 1000001|1001110| 1000101|0101011|1000001|1001101|1010000|1001100|1000101| 1001111|1001110| 1010100|1001000|1000101| 1010011|1000011|1010010|1000101|1000101|1001110|0110000| 1101010|1000101|1000110|1000110|0110010| 1010100|1000001|1001100|1001011| 0101110|1010011| 1010100|1001000|1010010|1001111|0101110|1000111|1001000|0110010| 0101100|1001000|1000001|1010100| 1000100|1001111|1000101|1010011| 1010100|1001000|1000001|1010100| 
1000101|0101011|1000001|1001101|1010000|1001100|1000101| 1000001|1000011|1010100|0101110|1000001|1001100|1001100|0101010| 1000100|1001111|0011001|
1110011|1001111| 0101100|1000101|0110111|1010010|1000101| 1010011|1000101|1001100|1000101|1000011|1010100|1001001|1001110|1000111| 1101111|1010010|1000100|1000101|1010010|1100100|1000001|1010100|1000101|
1000001|1001110|1000100| 1000001| 1000011|1001111|0101110|1001110|1010100| 1001111|1000110| 1101111|1010010|1000100|1000101|1010010|1101001|1100100|0110000| 1110011|1001111| 0101100|1000101|0110111|1010010|1000101| 1001110|1001111|1010100| 1001010|0101110|1010011|1010100| 1986 1000100|1001001|1010011|1010000|1001100|1000001|0101010|1001001|1001110|1000111| 1001001|1001110|1000100|1001001|0101101|1001001|1000100|0101110|1000001|1001100| 1001111|1010010|1000100|1000101|1010010| 1101001|1100100|1010011|0110010|
0101100|1000101|0110111|1010010|1000101| 1000111|1001111|1001001|1001110|1000111| 1010100|1001111| 1000011|1001111|0101110|1001110|1010100| 1001000|1001111|0101100| 1001101|1000001|1001110|0101010| 1010100|1001000|1000101|1010010|1000101| 1000001|1010010|1000101|0110000| 1110011|1001111|
1000110|1001111|1010010| 1000101|1000001|1000011|1001000| 1001111|1010010|1000100|1000101|1010010| 1000100|1000001|1010100|1000101|0110010| 0101100|1000101|0110111|1010010|1000101| 1000111|1001111|1001001|1001110|1000111| 1010100|1001111| 1000011|1001111|0101110|1001110|1010100| 1010100|1001000|1000101| 1001111|1010010|1000100|1000101|1010010| 1001001|1000100|1010011|
1000001|1001110|1000100| 1000010|1000101|1000011|1000001|0101110|1010011|1000101| 1001111|1000110| 1010100|1001000|1000001|1010100|0110010| 1001001|1000110| 1101001| 1001010|0101110|1001101|1010000| 1000110|1001111|1010010|0101100|1000001|1010010|1000100| 1000001| 1000010|1001001|1010100|0110010| 0101100|1000101|0110111|0101101|1000101| 1000111|1001111|1010100| 1000001| 1100111|1110010|1101111|0101000|1110000| 1100010|1111001| 1101111|1010010|1000100|1000101|1010010|1100100|1000001|1010100|1000101|0110000| 1110011|1001111| 1001001|1010100|0110111|1010011|
1010011|1000001|0101010|1001001|1001110|1000111|
1000111|1010010|1001111|0101110|1010000| 0101110|1010000| 1010100|1001000|1000101| 1001111|1010010|1000100|1000101|1010010| 1000100|1000001|1010100|1000101|1010011|0110010| 1000001|1001110|1000100| 1000110|1001111|1010010| 1000101|1000001|1000011|1001000| 1001111|1001110|1000101| 1001111|1000110| 1010100|1001000|1001111|1010011|1000101|0110010| 1010011|1001000|1001111|0101100|1010011| 0101110|1010011| 1000001| 1000011|1001111|0101110|1001110|1010100| 1001111|1000110| 1010100|1001000|1000101| 1001111|1010010|1000100|1000101|1010010| 1101001|1100100|0110000|
1110011|1001111| 0101100|1000101| 1010011|1000101|1000101| 1001000|1001111|0101100| 1001101|1000001|1001110|0101010| 1001111|1010010|1000100|1000101|1010010|1010011| 1001111|1001110| 1010100|1001000|1000001|1010100| 1000100|1000001|1010100|1000101|0110000|
1100110|1010010|1001111|1001101| 1010100|1001000|1000101| 1110011|1000001|1001100|1000101|1010011|1101111|1010010|1000100|1000101|1010010| 1010100|1000001|1000010|1001100|1000101|0110010| 1010011|1001111| 0101010|1001111|0101110| 1000011|1000001|1001110| 1010011|1000101|1000101| 1010100|1001000|1000101| 1010011|1000011|1001000|1000101|1001101|1000001| 1010100|1001000|1000001|1010100| 0101100|1000101|
1001101|1000101|1001110|1010100|1001001|1001111|1001110|1000101|1000100| 1000010|1000101|1000110|1001111|1010010|1000101|0110000|
1110011|1001111| 0101100|1000101|0110111|0101101|1000101| 1000111|1001111|1010100| 1010100|1001000|1000101| 1110011|1000001|1001100|1000101|1010011|0110000|1110011|1000001|1001100|1000101|1010011|1101111|1010010|1000100|1000101|1010010| 1010011|1001111| 1001001|1010100|0110111|1010011| 1010100|1001000|1000101| 1110011|1000001|1001100|1000101|1010011| 1010011|1000011|1001000|1000101|1001101|1000001|0110010| 1110011|1000001|1001100|1000101|1010011|1101111|1010010|1000100|1000101|1010010| 1010100|1000001|1000010|1001100|1000101|0110000|
1100010|0101110|1010100| 0101100|1000101|0110111|0101101|1000101| 1000110|1001001|1001100|1010100|1000101|1010010|1000101|1000100| 1001001|1010100|0110010| 1001110|1001111|0101100| 0101100|1000101|0110111|0101101|1000101| 1000110|1001001|1001100|1010100|1000101|1010010|1000101|1000100| 1001001|1010100| 1001001|1001110|  1010100|0101100|1001111| 0101100|1000001|0101010|1010011| 1010100|1001000|1001111|0101110|1000111|1001000|0110000| 1110011|1001111|0110010| 0101100|1000101|0110111|0101101|1000101| 1000111|1001111|1010100| 1000001| 0100110|1101000|1100101|1110010|1100101| 
1000011|1001100|1000001|0101110|1010011|1000101|0110010| 1010100|1001000|1000001|1010100| 1010011|1000001|0101010|1001001|1001110|1000111| 1000010|1000101|1000110|1001111|1010010|1000101| 0101100|1000101|0110111|0101101|1000101| 1000111|1010010|1001111|0101110|1010000|1000101|1000100| 1001001|1010100| 0101110|1010000|0110010|
0101100|1000101|0110111|1010010|1000101| 1000111|1001111|1001001|1001110|1000111| 1010100|1001111| 1010011|1000001|0101010| 0101100|1001000|1000101|1010010|1000101| 1010100|1001000|1000101| 1010011|1010100|1000001|1010100|0101110|1010011| 1001001|1010011| 1010011|1001000|1001001|1010000|1010000|1000101|1000100|0110000| 1100001|1001110|1000100| 1010100|1001000|1000101|1001110| 0101100|1000101|0110111|0101101|1000101| 1000001|1001100|1010011|1001111| 1000111|1001111|1010100| 1000001| 1101000|1100001|0100111|1101001|1101110|1100111|
1000011|1001100|1000001|0101110|1010011|1000101|
1000001|1001110|1000100| 1010100|1001000|1000001|1010100|0110111|1010011| 1000001|1000110|1010100|1000101|1010010| 0101010|1001111|0101110|0110111|0101101|1000101| 1000001|1000111|1000111|1010010|1000101|1000111|1000001|1010100|1000101|1000100| 1001001|1010100| 0110001|0110001| 1010100|1001000|1000001|1010100|0110111|1010011| 0101100|1001111|1010010|1001011|1001001|1001110|1000111| 1001111|1001110| 1010100|1001000|1000101| 1000001|1000111|1000111|1010010|1000101|1000111|1000001|1010100|1000101| 1000100|1000001|1010100|1000001|0110000|
1110011|1001111| 0101100|1001000|1000101|1010010|1000101| 1001000|1000001|0101101|1001001|1001110|1000111| 1000001|1001100|1010010|1000101|1000001|1000100|0101010| 1000011|1001111|0101110|1001110|1010100|1000101|1000100| 0101110|1010000| 1010100|1001000|1000101| 1001111|1010010|1000100|1000101|1010010| 1101001|1100100|1010011|0110010|
1101001|0110111|1001101| 1001111|1001110|1001100|0101010| 1001001|1001110|1010100|1000101|1010010|1000101|1010011|1010100| 1001001|1000110| 1010011|1001111|1001101|1000101|1000010|1001111|1000100|0101010|0110111|1010011| 1000111|1001111|1010100| 1000001|1001110| 1001111|1010010|1000100|1000101|1010010|0110010| 1010011|1001111| 1101001| 0101100|1000001|1001110|1010100| 1001111|1010010|1000100|1000101|1010010| 1101001|1100100| 1000111|1010010|1000101|1000001|1010100|1000101|1010010| 1010100|1001000|1000001|1001110| 1001111|1001110|1000101|0110010| 
1010011|1001111| 1101001| 1001011|1001110|1001111|0101100| 1010100|1001000|1000101|1010010|1000101|0110111|1010011| 1001101|1001111|1010010|1000101| 1010100|1001000|1000001|1001110| 1001111|1001110|1000101| 1001111|1010010|1000100|1000101|1010010| 1001111|1001110|  1010100|1001000|1000001|1010100| 1000100|1000001|1010100|1000101| 1010011|1001111| 1001001|1010100| 0101100|1001001|1001100|1001100| 
1000011|1001100|1000101|1000001|1010010| 1001111|0101110|1010100| 1000001|1001100|1001100| 1010100|1001000|1000101| 1000101|1001101|1010000|1010100|0101010| 1000100|1000001|1010100|1000101|1010011|0110010| 1001100|1001001|1001011|1000101| 1110011|1000001|1010100|0101110|1010010|1000100|1000001|0101010|1010011| 1000001|1001110|1000100| 1110011|0101110|1001110|1000100|1000001|0101010|1010011| 1001111|1010010| 0101100|1001000|1000001|1010100|1000101|0101101|1000101|1010010|0110010| 1000001|1001110|1000100| 1001000|1000001|1001110|1000100|1001100|1000101| 
1010100|1001000|1000101| 1000100|1000001|1010100|1000101|1010011| 0101100|1001000|1000101|1010010|1000101| 1010100|1001000|1000101|1010010|1000101| 1001001|1010011| 1001111|1001110|1001100|0101010| 1001111|1001110|1000101| 1001001|1001110| 1000110|1000001|1000011|1010100|0110000|
1101111|1001000|0110010| 1000111|1010010|1000101|1000001|1010100|1000101|1010010| 1010100|1001000|1000001|1001110| 1001111|1001110|1000101|0111101| 1110011|1001111| 1001001|1000110| 1010100|1001000|1000101|1010010|1000101| 1001001|1010011| 1001111|1001110|1001100|0101010| 1001111|1001110|1000101|0110010| 1001001|1010100| 0101100|1001111|0101110|1001100|1000100|1001110|0110111|1010100| 1000100|1001001|1010011|1010000|1001100|1000001|0101010| 1010100|1001000|1000001|1010100|0110000|
1100001|1001110|1000100| 1000110|1001001|1001110|1000001|1001100|1001100|0101010| 0101100|1000101| 0101100|1000001|1001110|1010100| 1010100|1001111| 1001000|1000001|0101101|1000101| 1001001|1010100| 1001001|1001110| 1001111|1010010|1000100|1000101|1010010| 1000010|0101010| 1001111|1010010|1000100|1000101|1010010| 1000010|1000101|1000011|1000001|0101110|1010011|1000101|
1001001|1010100| 1000011|1000001|1001110| 1000010|1000101| 1000001|1000011|1010100|0101110|1000001|1001100|1001100|0101010| 0110001|0110001| 1010011|1001111|1001101|1000101|1010100|1001001|1001101|1000101|1010011| 0101010|1001111|0101110| 1000011|1000001|1001110| 1001110|1001111|1010100| 1010000|0101110|1010100| 1001111|1010010|1000100|1000101|1010010| 1000010|0101010| 1001001|1001110| 1000001|1001110|1000100| 1001001|1010100|
1000011|1001111|1001101|1000101|1010011| 1001111|0101110|1010100| 1000011|1001111|1010010|1010010|1000101|1000011|1010100|1001100|0101010| 1000010|1000101|1000011|1000001|0101110|1010011|1000101| 1010100|1001000|1000101|
1010100|1001000|1000001|1010100|0110111|1010011| 1010100|1001000|1000101| 1001111|1010010|1000100|1000101|1010010| 1001111|1000110| 1010100|1001000|1000101| 1010010|1001111|0101100|1010011| 1001001|1001110| 1010100|1001000|1000101| 1010100|1000001|1000010|1001100|1000101|0110010| 1000010|0101110|1010100| 1000001|1000011|1010100|0101110|1000001|1001100|1001100|0101010| 
1001001|1010100| 1001101|1001001|1000111|1001000|1010100| 0101100|1001111|1010010|1001011| 1001110|1001111|0101100|0110000| 1110100|1001000|1000001|1010100|0110111|1010011| 1000001| 1001000|1000001|1010000|1010000|0101010| 1000011|1001111|1001001|1001110|1000011|1001001|1000100|1000101|1001110|1000011|1000101|0110000|
1111001|1001111|0101110| 1001101|1001001|1000111|1001000|1010100| 1000100|1000101|1001100|1001001|0101101|1000101|1010010| 1010100|1001000|1001001|1010011| 1010100|1001111| 1010011|1001111|1001101|1000101|1001111|1001110|1000101| 1000001|1001110|1000100| 1010100|1001000|1000101|1001110| 1010011|0101110|1000100|1000100|1000101|1001110|1001100|0101010| 1001001|1010100| 1010011|1010100|1001111|1010000|1010011| 0101100|1001111|1010010|1001011|1001001|1001110|1000111| 1000100|1001111|0101100|1001110| 1010100|1001000|1000101| 1001100|1001001|1001110|1000101|0110010|
1010011|1001111| 1000001|1001100|0101100|1000001|0101010|1010011| 1010000|0101110|1010100| 1001001|1001110| 1000001|1001110| 1001111|1010010|1000100|1000101|1010010| 1000010|0101010| 1000101|0101101|1000101|1001110| 1001001|1000110| 1001001|1010100| 1000001|1010000|1010000|1000101|1000001|1010010|1010011| 1010100|1001111| 1001111|1010010|1000100|1000101|1010010| 1000010|0101010|0110000|
1100001|1001110|1000100| 1001001|1010100|0110111|1010011| 1001111|1010010|1000100|1000101|1010010| 1000010|0101010| 1000100|1000101|1010011|1000011|1000101|1001110|1000100|1001001|1001110|1000111|0110010| 1010011|1001111| 0101100|1000101| 1000100|1001111|1001110|0110111|1010100| 0101100|1000001|1001110|1010100| 1000001|1010011|1000011|1000101|1001110|1000100|1001001|1001110|1000111|0110000| 1100110|1001111|1010010| 0101100|1001000|1000001|1010100|1000101|0101101|1000101|1010010| 1010010|1000101|1000001|1010011|1001111|1001110|0110010|  0101100|1000101| 0101100|1000001|1001110|1010100| 1001111|0101110|1010010| 1000100|1000001|1010100|1000101|1010011| 
1000010|1000001|1000011|1001011|0101100|1000001|1010010|1000100|1010011|0110000|
1111001|1000101|1000001|1001000| 0101100|1000101| 0101100|1000001|1001110|1010100| 1010100|1001000|1000101| 1001101|1001111|1010011|1010100| 1010010|1000101|1000011|1000101|1001110|1010100| 1001111|1001110|1000101|1010011| 1000001|1010100| 1010100|1001000|1000101| 1010100|1001111|1010000|0110000| 1111001|1000101|1000001|1001000|0110010| 1001111|1001011|1000001|0101010|
1010011|1001111| 1010100|1001000|1000001|1010100|0110111|1010011| 1010011|1000101|1000101|1001101|1010011| 1010000|1010010|1000101|1010100|1010100|0101010| 1010011|1010100|1010010|1000001|1001001|1000111|1001000|1010100|1000110|1001111|1010010|0101100|1000001|1010010|1000100| 1010100|1001000|1000101|1001110|0110000| 1101001| 1001101|1000101|1000001|1001110| 
1101001| 1001010|0101110|1010011|1010100| 1010011|1010000|1000101|1000011|1001001|1000110|0101010| 1000001|1001110|1000100| 1010000|1010010|1000101|1010011|0101110|1001101|1000001|1000010|1001100|0101010| 1010100|1001000|1000101| 1000100|1000001|1010100|1000001|1000010|1000001|1010011|1000101| 1000101|1001110|1000111|1001001|1001110|1000101| 1010100|1001000|1000101|1001110| 1001010|0101110|1010011|1010100|
1000101|0101011|1000101|1000011|0101110|1010100|1000101|1010011| 1000101|1000001|1000011|1001000| 1001111|1000110| 1010100|1001000|1001111|1010011|1000101| 1000011|1001100|1000001|0101110|1010011|1000101|1010011| 1001001|1001110| 1010100|0101110|1010010|1001110|0110010| 1001001|1010011| 1010100|1001000|1000001|1010100| 1010010|1001001|1000111|1001000|1010100|0011001|  0100110|1000101|1001100|1001100| 1001110|1001111|1010100|
1010011|1010100|1010010|1001001|1000011|1010100|1001100|0101010| 1001001|1001110| 1010100|0101110|1010010|1001110|0110010| 1001110|1001111|0110010| 1010100|1001000|1000001|1010100|0110111|1010011| 1010100|1001000|1000101|
1010011|1001100|1001001|1000111|1001000|1010100|1001100|0101010| 1000011|1001111|1001110|1000110|0101110|1010011|1001001|1001110|1000111| 1010100|1001000|1001001|1001110|1000111| 1000001|1000010|1001111|0101110|1010100| 1110011|1110001|1101100| 1001001|1001110| 1010100|1000101|1010010|1001101|1010011| 1001111|1000110| 1001001|1010100| 1000010|1000101|1001001|1001110|1000111| 1000001| 1001100|1000001|1001110|1000111|0101110|1000001|1000111|1000101|0110000|
1101001|1010100| 1001001|1010011| 1000001|1000011|1010100|0101110|1000001|1001100|1001100|0101010| 0101101|1000101|1010010|0101010| 1100101|1001110|1000111|1001100|1001001|1010011|1001000|0110001|1000010|1000001|1010011|1000101|1000100|0110000| 1111001|1001111|0101110| 1000011|1000001|1001110| 1010010|1000101|1000001|1000100| 1110011|1110001|1101100|0110010|
1001001|1010100| 1001011|1001001|1001110|1000100| 1001111|1000110| 1001101|1000001|1001011|1000101|1010011| 1010011|1000101|1001110|1010011|1000101| 1001001|1001110| 1010100|1001000|1001001|1010011| 1010011|1001111|1010010|1010100| 1001111|1000110| 1001111|1000100|1000100| 0101100|1000001|0101010| 1001111|1001110|1000011|1000101| 0101010|1001111|0101110| 1000111|1000101|1010100| 0101110|1010011|1000101|1000100| 1010100|1001111| 1010100|1001000|1000001|1010100| 0101100|1000001|0101010| 1001111|1000110| 
1010100|1001000|1001001|1001110|1001011|1001001|1001110|1000111|0110000|
1100010|0101110|1010100| 1001001|1010100| 1000100|1001111|1000101|1010011|1001110|0110111|1010100| 0101100|1001111|1010010|1001011| 1000110|1010010|1001111|1001101| 1010100|1001111|1010000| 1010100|1001111| 1000010|1001111|1010100|1010100|1001111|1001101| 1001100|1001001|1001011|1000101| 1001111|1010100|1001000|1000101|1010010| 1001100|1000001|1001110|1000111|0101110|1000001|1000111|1000101|1010011|0110000| 1110011|1001111| 0101100|1000101|0110111|1010010|1000101| 1000001|1000011|1010100|0101110|1000001|1001100|1001100|0101010| 
1000111|1001111|1001001|1001110|1000111| 1010100|1001111| 1010011|1010100|1000001|1010010|1010100| 0101100|1001001|1010100|1001000| 1010100|1001000|1000101| 1010100|1000001|1000010|1001100|1000101|0110000| 1110011|1001111| 1010100|1001000|1000101| 1100110|1110010|1101111|1101101| 
1001001|1010011| 1010100|1001000|1000101| 1000110|1001001|1010010|1010011|1010100| 1010100|1001000|1001001|1001110|1000111| 1001001|1010100|0110111|1010011| 1000111|1001111|1001001|1001110|1000111| 1010100|1001111| 1000100|1001111|0110000| 1110011|1000001|0101010|1001001|1001110|1000111| 0101100|1001000|1000001|1010100| 1010100|1000001|1000010|1001100|1000101|1010011| 1000100|1001111| 1101001| 1001110|1000101|1000101|1000100| 1010100|1001111| 1000111|1000101|1010100|0110000| 1100001|1001110|1000100| 1001001|1010100|0110111|1010011|
1000111|1001111|1001001|1001110|1000111| 1001111|0101110|1010100| 1010100|1001111| 1010100|1001000|1000101| 1010100|1000001|1000010|1001100|1000101|1010011|
1000001|1010011| 1010100|1001000|1000101| 0101101|1000101|1010010|0101010| 1000110|1001001|1010010|1010011|1010100| 1010100|1001000|1001001|1001110|1000111|0110000| 1100001|1001110|1000100| 1010100|1001000|1000101|1001110| 0101100|1000101|0110111|1010010|1000101| 1000111|1001111|1001001|1001110|1000111| 1010100|1001111| 1000111|1001111| 1010100|1001000|1010010|1001111|0101110|1000111|1001000| 1000110|1001001|1001100|1010100|1000101|1010010| 1010100|1001000|1001111|1010011|1000101| 1010100|1000001|1000010|1001100|1000101|1010011|0110000|
1110011|1001111| 0101100|1000101|0110111|1010010|1000101| 1000111|1001111|1001001|1001110|1000111| 1010100|1001111| 1010011|1000001|0101010| 1001111|1001011|1000001|0101010| 0101100|1001000|1001001|1000011|1001000| 1010010|1001111|0101100|1010011| 1000100|1001111| 0101100|1000101| 0101100|1000001|1001110|1010100| 1000110|1010010|1001111|1001101| 1010100|1001000|1000001|1010100| 1010100|1000001|1000010|1001100|1000101|0110000|
1110011|1001111| 1000010|1000101|1000110|1001111|1010010|1000101| 0101100|1000101|0110111|0101101|1000101| 1000101|0101101|1000101|1001110| 1001100|1001111|1001111|1001011|1000101|1000100| 1000001|1010100| 0101100|1001000|1000001|1010100| 1010010|1001111|0101100|1010011|
1001111|1010010| 1010010|1000001|1010100|1001000|1000101|1010010| 1000011|1001111|1001100|0101110|1001101|1001110|1010011|0110010| 1010011|1001111|1010010|1010010|0101010|0110010| 0101100|1000101|0110111|1010010|1000101| 1010011|1000101|1001100|1000101|1000011|1010100|1001001|1001110|1000111|0110010| 0101100|1000101|0110111|0101101|1000101| 1000001|1000011|1010100|0101110|1000001|1001100|1001100|0101010| 1000111|1001111|1001110|1000101| 1001111|0101110|1010100| 1000001|1001110|1000100| 1010011|1000001|1001001|1000100| 1001111|1001011|
0101100|1001000|1000001|1010100| 1000001|1010010|1000101| 1010100|1001000|1000101| 1010010|1001111|0101100|1010011| 0101100|1000101| 1000001|1010010|1000101| 1001001|1001110|1010100|1000101|1010010|1000101|1010011|1010100|1000101|1000100| 1001001|1001110| 1000111|1001111|1001001|1001110|1000111| 1010100|1001111| 1000111|1000101|1010100|
1000110|1001111|1010010| 1010100|1001000|1000001|1010100| 1000100|1000001|1010100|1000001|0110000| 1110100|1001000|1000101|1001110| 0101100|1000101|0110111|1010010|1000101| 1000111|1001111|1001001|1001110|1000111| 1010100|1001111| 1000111|1001111| 1010100|1001000|1010010|1001111|0101110|1000111|1001000| 1000001|1001110|1000100|
1000001|1000111|1000111|1010010|1000101|1000111|1000001|1010100|1000101|0110010| 0101100|1000101|1001100|1001100| 1001110|1001111|1010100| 1000001|1000111|1000111|1010010|1000101|1000111|1000001|1010100|1000101| 1000001|1010011| 1010011|0101110|1000011|1001000|0110010| 0101100|1000101|0110111|1001100|1001100| 1000111|1010010|1001111|0101110|1010000| 0101110|1010000| 
1010100|1001000|1001111|1010011|1000101| 1010010|1001111|0101100|1010011| 1000010|0101010| 1001001|1001110| 1010100|1001000|1000001|1010100| 1000011|1000001|1010011|1000101| 1101111|1010010|1000100|1000101|1010010|1100100|1000001|1010100|1000101|0110000| 1110011|1001111| 0101100|1000101|0110111|1010010|1000101| 1000111|1001111|1001001|1001110|1000111| 1010100|1001111| 
1010011|1000101|1000111|1001101|1000101|1001110|1010100| 1010100|1001000|1000101|1001101| 1000100|1001111|0101100|1001110| 1010100|1001111| 1010100|1001000|1001111|1010011|1000101| 1001111|1010010|1000100|1000101|1010010| 1000100|1000001|1010100|1000101| 1000010|0101110|1000011|1001011|1000101|1010100|1010011|
1000101|1010011|1010011|1000101|1001110|1010100|1001001|1000001|1001100|1001100|0101010|0110000| 1100001|1001110|1000100| 0101100|1000101| 0101100|1000001|1001110|1010100| 1010100|1001111| 1000110|1001001|1001100|1010100|1000101|1010010| 1010100|1001000|1000001|1010100|
1010011|1001111| 0101100|1000101| 1000011|1000001|1001110| 1010011|1000001|0101010| 1101111|1101011|0110010| 1010100|1001000|1000101|1001110| 0101100|1000101| 0101100|1000001|1001110|1010100| 1010100|1001111| 1001100|1001111|1001111|1001011| 1000001|1010100| 1001111|1001110|1001100|0101010| 1010100|1001000|1000101| 1001111|1001110|1000101|1010011| 1010100|1001000|1000001|1010100| 1001000|1000001|0101101|1000101| 1000111|1001111|1010100| 1001101|1001111|1010010|1000101| 1010100|1001000|1000001|1001110| 1001111|1001110|1000101|
1001111|1010010|1000100|1000101|1010010| 1001111|1001110| 1010100|1001000|1000001|1010100| 1000100|1000001|0101010|0110000|
1100001|1001110|1000100| 1010100|1001000|1000101|1001110| 0101100|1000101| 1000011|1000001|1001110| 1001110|1001111|0101100| 1000111|1000101|1010100| 1010100|1001111| 1010100|1001000|1000101| 1110011|1100101|1101100|1100101|1100011|1110100|0110000| 1110011|1001111| 1001110|1001111|0101100| 1000110|1001001|1001110|1000001|1001100|1001100|0101010| 0101100|1000101|0110111|1010010|1000101| 1000001|1000011|1010100|0101110|1000001|1001100|1001100|0101010| 1001100|1001111|1001111|1001011|1001001|1001110|1000111| 1000001|1010100|
0101100|1001000|1000001|1010100|
0101100|1000101| 0101100|1000001|1001110|1010100|1000101|1000100| 1001001|1010100| 1010100|1001111| 1000100|1001001|1010011|1010000|1001100|1000001|0101010|0110000| 1101001|1010100| 1001001|1010011| 1010010|1000101|1001100|1000101|0101101|1000001|1001110|1010100| 1000001|1000011|1010100|0101110|1000001|1001100|1001100|0101010|0110010|
1000001|1010011| 0101100|1000101|0110111|0101101|1000101| 1001111|1001110|1001100|0101010| 1000111|1001111|1010100| 1001111|1001110|1000101| 1001100|1000101|1000110|1010100|0110010| 1010100|1001000|1000101|1001110| 0101100|1000101|0110111|1001100|1001100| 1010011|1001111|1010010|1010100| 1001001|1010100|0110000| 1100010|0101110|1010100| 1001001|1010100| 1001001|1010011| 1010010|1000101|1001100|1000101|0101101|1000001|1001110|1010100| 
1010100|1001111| 1010100|1001000|1001001|1001110|1001011| 1000001|1000010|1001111|0101110|1010100| 1001001|1010100| 1010100|1001000|1000001|1010100| 0101100|1000001|0101010| 1000010|1000101|1000011|1000001|0101110|1010011|1000101|
1001001|1000110| 0101010|1001111|0101110| 1010100|1001000|1001001|1001110|1001011| 1001111|1000110| 1000011|1010010|1000101|1000001|1010100|1001001|1001110|1000111| 1000001| 1010001|0101110|1000101|1010010|0101010| 1001001|1001110| 1010100|1001000|1000001|1010100| 0101100|1000001|0101010|0110010|
1001100|1001111|1000111|1001001|1000011|1000001|1001100|1001100|0101010| 1010100|1001000|1000001|1010100|0110111|1010011| 1001000|1001111|0101100| 1001001|1010100|0110111|1010011| 1000100|1001111|1001001|1001110|1000111| 1001001|1010100|0110000| 1110011|1001111| 1001001|1000110| 0101010|1001111|0101110| 1010100|1001000|1001001|1001110|1001011| 1000001|1000010|1001111|0101110|1010100| 1010100|1000001|1000010|1001100|1000101|1010011| 1000110|1001001|1010010|1010011|1010100|0110010|
1000001|1001110|1000100| 1000111|1001111| 1010100|1001000|1010010|1001111|0101110|1000111|1001000|0110010| 1010010|1000001|1010100|1001000|1000101|1010010| 1010100|1001000|1000001|1001110| 1010100|1001000|1001001|1001110|1001011|1001001|1001110|1000111| 1000001|1000010|1001111|0101110|1010100| 1010100|1001000|1000101| 
1010011|1000101|1001100|1000101|1000011|1010100| 1000011|1001111|1001100|0101110|1001101|1001110| 1001100|1001001|1010011|1010100| 1000110|1001001|1010010|1010011|1010100|0110010| 1000001|1000011|1010100|0101110|1000001|1001100|1001100|0101010| 1010100|1001000|1001001|1001110|1001011| 1000001|1000010|1001111|0101110|1010100| 0101100|1001000|1000001|1010100| 1010100|1000001|1000010|1001100|1000101|1010011| 1000001|1001101| 1101001| 
1001001|1001110|1010100|1000101|1010010|1000101|1010011|1010100|1000101|1000100|0110000|
1110011|1001111| 1001111|1001110|1000011|1000101| 0101100|1000101| 1010011|1010100|1000001|1010010|1010100| 1000100|1001111|1001001|1001110|1000111| 1001010|1001111|1001001|1001110|1010011| 1000001|1001110|1000100| 1010100|1001000|1001001|1001110|1000111|1010011| 1001100|1001001|1001011|1000101| 1010100|1001000|1000001|1010100|0110010| 1001001|1010100| 1000010|1000101|1000011|1001111|1001101|1000101|1010011| 1001101|1001111|1010010|1000101| 1001111|1000110| 1000001| 1010011|1000101|1010100| 0101110|1010000| 1010100|1001111| 1000010|1000101| 1000100|1001111|1001110|1000101|
1001111|1001110| 1010100|1001000|1000001|1010100| 1010100|1000001|1000010|1001100|1000101|
1010000|1001111|1010010|1010100|1001001|1001111|1001110| 1000010|1000101|1000110|1001111|1010010|1000101| 0101010|1001111|0101110| 1010100|1001000|1000101|1001110| 1001101|1001111|0101101|1000101| 1001111|1001110| 1010100|1001111| 1010100|1001000|1000101| 1010011|1000101|1001100|1000101|1000011|1010100|1010011| 1001100|1000001|1010100|1000101|1010010| 1001111|1001110|0110000| 
1110011|1001111| 1010100|1001000|1000101| 1010000|1010010|1001001|1001110|1000011|1001001|1010000|1000001|1001100| 1001001|1010011| 1010100|1001000|1000101| 1010001|0101110|1000101|1010010|0101010| 1000101|1001110|1000111|1001001|1001110|1000101| 0101100|1001001|1001100|1001100| 1000110|1001001|1010010|1010011|1010100| 1001111|1000110| 1000001|1001100|1001100| 1000110|1001001|1000111|0101110|1010010|1000101| 1001111|0101110|1010100| 1010100|1001000|1000101|
1010010|1001111|0101100|1010011| 1010100|1001000|1000001|1010100| 1001001|1010100| 1001110|1000101|1000101|1000100|1010011| 1000001|1001110|1000100| 1010100|1001000|1000101|1001110| 1000111|1010010|1001111|0101110|1010000| 1010100|1001000|1000101|1001101| 1001001|1001110|1010100|1001111| 0101100|1001000|1000001|1010100|1000101|0101101|1000101|1010010| 1010010|1001111|0101100|1010011| 1001001|1010100| 1001110|1000101|1000101|1000100|1010011|0110010| 1000001|1001110|1000100| 1001001|1010100|0110111|1010011| 1000111|1010010|1000001|1000010|1000010|1001001|1001110|1000111| 1010100|1001000|1000101|1001101|
1000110|1010010|1001111|1001101| 1010100|1001000|1000101| 0101101|1000001|1010010|1001001|1001111|0101110|1010011| 1010011|1001111|0101110|1010010|1000011|1000101| 1010100|1000001|1000010|1001100|1000101|1010011|0110000|
1100111|1010010|1001111|0101110|1010000|1001001|1001110|1000111| 1010100|1001000|1000101|1001101|0110010| 1000110|1001001|1001100|1010100|1000101|1010010|1001001|1001110|1000111| 1010100|1001000|1001111|1010011|1000101| 1010010|1001111|0101100|1010011| 1000010|1000001|1010011|1000101|1000100| 1001111|1001110| 1010100|1001000|1000101| 0100110|1101000|1100101|1110010|1100101| 1000011|1001100|1000001|0101110|1010011|1000101| 1000001|1001110|1000100| 1010100|1001000|1000101|1001110|
1001001|1000110| 1010100|1001000|1000101|0101010|0110111|1010010|1000101| 1000111|1010010|1001111|0101110|1010000|1000101|1000100| 1001111|1001110| 1010100|1001000|1000101| 1101000|1100001|0100111|1101001|1101110|1100111| 1000011|1001100|1000001|0101110|1010011|1000101|0110010|  1000001|1001110|1000100| 1001111|1001110|1001100|0101010| 1000001|1010100| 1010100|1001000|1000001|1010100| 1010000|1001111|1001001|1001110|1010100| 1000100|1001111|1000101|1010011| 1001001|1010100| 1010100|1001000|1000101|1001110| 1010011|1010100|1000001|1010010|1010100| 1010100|1001111| 0101100|1001111|1010010|1010010|0101010|
1000001|1000010|1001111|0101110|1010100| 0101100|1001000|1001001|1000011|1001000| 1001001|1001110|1000100|1001001|0101101|1001001|1000100|0101110|1000001|1001100| 1000011|1001111|1001100|0101110|1001101|1001110|1010011| aje%! 1001001|1010100|0110111|1010011| 1000111|1001111|1001001|1001110|1000111| 1010100|1001111|
1000001|1000011|1010100|0101110|1000001|1001100|1001100|0101010| 1000010|1010010|1001001|1001110|1000111| 1000010|1000001|1000011|1001011|0110000| 1110011|1001111| 0101010|1000101|1000001|1001000| 1000001|1010011| 0101010|1001111|0101110| 1010011|1000001|0101010|0110010| 1001100|1000001|1010100|1000101|1010010| 1001111|1001110| 0101100|1001000|1000101|1001110| 0101100|1000101| 1001100|1001111|1001111|1001011| 1000001|1010100| 1010011|1001111|1001101|1000101| 1000101|0101011|1000001|1001101|1010000|1001100|1000101|1010011|0110010|
1010100|1001000|1000001|1010100| 1000010|1000101|1000011|1001111|1001101|1000101|1010011| 1010001|0101110|1001001|1010100|1000101| 1010011|1001001|1000111|1001110|1001001|1000110|1001001|1000011|1000001|1001110|1010100|
1010100|1001000|1000101| 1000110|1000001|1000011|1010100| 1010100|1001000|1000001|1010100| 1001001|1010100| 1000100|1001111|1000101|1010011| 1001001|1010100| 1001001|1001110| 1010100|1001000|1000001|1010100| 1001111|1010010|1000100|1000101|1010010|0110000| 1110011|1001111| 1001001|1010100|0110111|1010011| 0101100|1001111|1010010|1010100|1001000| 1000010|1000101| 1000001|0101100|1000001|1010010|1000101| 1001111|1000110| 1010100|1001000|1000001|1010100| 1010010|1001001|1000111|1001000|1010100| 1000110|1010010|1001111|1001101| 1010100|1001000|1000101|
0101101|1000101|1010010|0101010| 1000010|1000101|1000111|1001001|1001110|1001110|1001001|1001110|1000111|0110000| 1110011|1001111| 1000001| 1000011|1001111|0101110|1010000|1001100|1000101| 1001111|1000110| 1000010|1000001|1010011|1001001|1000011| 1000101|0101011|1000001|1001101|1010000|1001100|1000101|1010011| 1001111|1001110| 1010100|1001000|1000101| 1010011|1001100|1001001|1000100|1000101|0110000| 1101100|1000101|1010100|0110111|1010011| 1001010|0101110|1010011|1010100| 1001100|1001111|1001111|1001011|
1000001|1010100| 1010011|1001111|1001101|1000101| 1000101|0101011|1000001|1001101|1010000|1001100|1000101|1010011|0110000|
1101000|1000101|1010010|1000101|0110111|1010011| 1010000|1010010|1001111|1000010|1000001|1000010|1001100|0101010| 1010100|1001000|1000101| 1000110|1001001|1010010|1010011|1010100| 1010001|0101110|1000101|1010010|0101010| 1000101|0101101|1000101|1010010|0101010|1000010|1001111|1000100|0101010| 0101100|1010010|1001001|1010100|1000101|1010011|0110000| 1110100|1001000|1001001|1010011| 1001001|1010011| 1010100|1001000|1000101|
1010100|1001000|1000101| 1110100|1010010|1000001|1001110|1010011|1000001|1000011|1010100|0110001|1110011|1110001|1101100| 1000101|1010001|0101110|1001001|0101101|1000001|1001100|1000101|1001110|1010100| 1001111|1000110| 1010100|1001000|1000101| 1101000|1000101|1001100|1001100|1001111| 0100110|1001111|1010010|1001100|1000100| 1000001|1010000|1010000|1001100|1001001|1000011|1000001|1010100|1001001|1001111|1001110|0110000| 1110100|1001000|1001001|1010011| 1001001|1010011| 
1010100|1001000|1000101| 1000110|1001001|1010010|1010011|1010100| 1010100|1001000|1001001|1001110|1000111| 0101010|1001111|0101110| 1010100|1001111| 1110011|1100101|1101100|1100101|1100011|1110100| 0110100| 1000110|1010010|1001111|1001101| 1000001|1001110|1000100| 1010100|1001000|1000101|1001110| 1010100|1001000|1000101| 1001110|1000001|1001101|1000101| 1001111|1000110| 1000001| 1010100|1000001|1000010|1001100|1000101|0110000|
1100011|1001111|0101110|1001100|1000100| 0101100|1000101| 1000100|1001111| 1110011|1100101|1101100|1100101|1100011|1110100| 1101000|1000101|1001100|1001100|1001111| 0100110|1001111|1010010|1001100|1000100|0011001| 0100110|1000101| 1000011|1001111|0101110|1001100|1000100| 
1000001|1000011|1010100|0101110|1000001|1001100|1001100|0101010| 1001100|1001001|1010100|1000101|1010010|1000001|1001100|1001100|0101010| 1110011|1100101|1101100|1100101|1100011|1110100| 1101000|1000101|1001100|1001100|1001111| 0100110|1001111|1010010|1001100|1000100|0110000|
1101001|1010100| 1001000|1000001|1010011| 1001110|1001111| 1010100|1000001|1000010|1001100|1000101|0110010| 1001001|1010100| 1001010|0101110|1010011|1010100| 1001100|1001001|1010100|1000101|1010010|1000001|1001100|1001100|0101010| 1000010|1010010|1001001|1001110|1000111|1010011| 1000010|1000001|1000011|1001011| 1010100|1001000|1000101| 1010011|1010100|1010010|1001001|1001110|1000111|0110000| 1100010|0101110|1010100| 1001001|1000110| 0101010|1001111|0101110|0110111|1010010|1000101| 1010001|0101110|1000101|1010010|0101010|1001001|1001110|1000111| 1010100|1001000|1000101| 
1010100|1000001|1000010|1001100|1000101|0110010|
0101100|1001000|1001001|1000011|1001000| 1001100|1000101|1010100|0110111|1010011| 1000110|1000001|1000011|1000101| 1001001|1010100|0110010| 1001001|1010011| 1000111|1000101|1001110|1000101|1010010|1000001|1001100|1001100|0101010| 1010100|1001000|1000101| 1010000|1001111|1001001|1001110|1010100|0110010| 0101100|1000101|0110111|1000100| 1001000|1000001|0101101|1000101| 1110011|1100101|1101100|1100101|1100011|1110100| 0110100| 1000001|1010011| 1000010|1000101|1001001|1001110|1000111| 
1000001|1001110| 1001001|1001110|1010100|1000101|1010010|1000101|1010011|1010100|1001001|1001110|1000111| 1010011|1010100|1000001|1010010|1010100|1001001|1001110|1000111| 1010000|1001111|1001001|1001110|1010100|0110000| 1100001|1001110|1000100| 0101100|1001000|1000001|1010100| 1010100|1001000|1000001|1010100| 0101100|1001001|1001100|1001100| 1000100|1001111| 1001001|1010011| 1000010|1010010|1001001|1001110|1000111| 1000010|1000001|1000011|1001011| 1000101|0101101|1000101|1010010|0101010| 1000011|1001111|1001100|0101110|1001101|1001110|
1000110|1010010|1001111|1001101| 1010100|1001000|1000001|1010100| 1010100|1000001|1000010|1001100|1000101|0110000|
1110011|1001111|0110010| 1101010|1000101|1000110|1000110| 0101100|1001111|0101110|1001100|1000100| 0101010|1001111|0101110| 1000101|0101011|1010000|1000101|1000011|1010100| 1000001|1001110| 1000001|1010000|1010000|1001100|1001001|1000011|1000001|1010100|1001001|1001111|1001110| 1010100|1001111| 0101110|1010011|1000101| 1000001| 1001100|1001111|1010100| 1001111|1000110| 1010100|1001000|1001111|1010011|1000101| 1010100|0101010|1010000|1000101|1010011| 1001111|1000110| 1010001|0101110|1000101|1010010|1001001|1000101|1010011|0011001|
0100110|1000101|1001100|1001100|0110010| 1001001|1010100| 1001001|1010011| 1001111|1001110|1000101| 0101010|1001111|0101110| 1010010|0101110|1001110| 1000001| 1001100|1001111|1010100| 1000010|1000101|1000011|1000001|0101110|1010011|1000101| 1010011|1001111|1001101|1000101|1010100|1001001|1001101|1000101|1010011| 0101010|1001111|0101110| 1001010|0101110|1010011|1010100| 0101100|1000001|1001110|1010100| 1010100|1001111| 1010011|1000101|1000101|
0101100|1001000|1000001|1010100|0110111|1010011| 1001001|1001110| 1010100|1001000|1000101| 1010100|1000001|1000010|1001100|1000101|0110010| 1001001|1010100|0110111|1010011| 1010001|0101110|1001001|1000011|1001011|0110000|
1100010|0101110|1010100| 1010100|1001000|1000101| 1010000|1010010|1001111|1000010|1001100|1000101|1001101| 0101010|1001111|0101110|0110111|0101101|1000101| 1000111|1001111|1010100| 1001001|1010011| 1010100|1001000|1000001|1010100| 1010011|1001111|1001101|1000101|1001111|1001110|1000101| 1001101|1001001|1000111|1001000|1010100| 1000011|1001000|1000001|1001110|1000111|1000101| 1010100|1001000|1000101| 1000100|1000101|1010011|1001001|1000111|1001110| 1001111|1000110| 1010100|1001000|1000101|
1010100|1000001|1000010|1001100|1000101|0110010|
1000001|1001110|1000100| 1010100|1001000|1000001|1010100| 1000011|1001111|0101110|1001100|1000100| 1000011|1001000|1000001|1001110|1000111|1000101|0110000| 1110011|1001111| 1001001|1000110| 1101001|0110111|1001101| 1010000|1010010|1000101|1010011|1000101|1001110|1010100|1001001|1001110|1000111| 1010100|1001000|1001001|1010011| 1001001|1010011| 1000001| 1000110|1001001|1001110|1001001|1010011|1001000|1000101|1000100| 1010010|1000101|1000011|1001111|1010010|1000100| 1010011|1000101|1010100|
1010100|1001111| 1000001| 1000100|1000101|0101101|1000101|1001100|1001111|1010000|1000101|1010010|
1001111|1000110| 1000001| 0101100|1000101|1000010| 1000001|1010000|1010000|1001100|1001001|1000011|1000001|1010100|1001001|1001111|1001110| 1010011|1000001|0101010|0110010| 1010100|1001000|1000101|1001110|
0101100|1001000|1000001|1010100| 1010100|1001000|1000101|0101010| 1000111|1000101|1010100| 1001111|0101110|1010100| 1001111|1000110| 1001101|0101010| 1010001|0101110|1000101|1010010|0101010| 1001101|1001001|1000111|1001000|1010100| 1000011|1001000|1000001|1001110|1000111|1000101|0110000|
1110011|1001111| 1101001| 0101100|1001111|0101110|1001100|1000100| 1000010|1000101| 1001101|0101110|1000011|1001000| 1001000|1000001|1010000|1010000|1001001|1000101|1010010| 1010100|1001111| 1010000|1010010|1000101|1010011|1000101|1001110|1010100| 1010100|1001000|1000101|1001101|0110010|
1000101|0101101|1000101|1001110| 1001001|1000110| 1001001|1010100| 1001100|1001001|1010011|1010100|1000101|1000100| 1000101|0101101|1000101|1010010|0101010| 1010011|1001001|1001110|1000111|1001100|1000101| 1000011|1001111|1001100|0101110|1001101|1001110|0110010| 1000001|1000011|1010100|0101110|1000001|1001100|1001100|0101010| 1000101|0101011|1010000|1001100|1001001|1000011|1001001|1010100|1001100|0101010| 1001100|1001001|1010011|1010100|1001001|1001110|1000111| 1000101|0101101|1000101|1010010|0101010| 1010011|1001001|1001110|1000111|1001100|1000101|
1000011|1001111|1001100|0101110|1001101|1001110|0110010|
0101100|1001111|0101110|1001100|1000100| 1001101|1000101|1000001|1001110| 1101001| 1001011|1001110|1001111|0101100| 0101100|1001000|1000001|1010100| 1010100|1001000|1000101|0101010|0110111|1010010|1000101| 1000111|1000101|1010100|1010100|1001001|1001110|1000111|0110010| 0101100|1001000|1000001|1010100| 1001111|1010010|1000100|1000101|1010010| 1010100|1001000|1000101|0101010|0110111|1010010|1000101| 1000111|1000101|1010100|1010100|1001001|1001110|1000111| 1010100|1001000|1000101|1001101| 1001001|1001110|0110000| 1110011|1001111| 1001001|1010100|0110111|1010011| 1000001|1000010|1001111|0101110|1010100| 1000010|1000101|1001001|1001110|1000111| 
1000101|0101011|1010000|1001100|1001001|1000011|1001001|1010100| 1000001|1001110|1000100| 1010100|1001000|1000001|1010100| 1001101|1000001|1001011|1000101|1010011| 1001001|1010100| 1000101|1000001|1010011|1001001|1000101|1010010| 1010100|1001111| 1001011|1000101|1000101|1010000| 1010100|1010010|1000001|1000011|1001011| 1001111|1000110| 1000001|1001110|0101010|0110010|
1001001|1000110| 1010011|1001111|1001101|1000101|1001111|1001110|1000101| 1000100|1001111|1000101|1010011| 1000011|1001000|1000001|1001110|1000111|1000101| 1010100|1001000|1000101| 1000100|1000101|1010011|1001001|1000111|1001110| 1001111|1000110| 1010100|1001000|1000101| 1010100|1000001|1000010|1001100|1000101|0110010| 1101001| 1000001|1010100| 1001100|1000101|1000001|1010011|1010100| 1000011|1000001|1001110| 1001100|1001111|1001111|1001011| 1000001|1010100| 
1010100|1001000|1000101|
1010001|0101110|1000101|1010010|0101010| 1000001|1001110|1000100| 1001011|1001110|1001111|0101100|0110010| 1001111|1001011|1000001|0101010| 1010100|1001000|1001111|1010011|1000101| 1000001|1010010|1000101| 1010100|1001000|1000101| 1000011|1001111|1001100|0101110|1001101|1001110|1010011| 1101001| 0101100|1000001|1001110|1010100|1000101|1000100|0110000| 1111001|1000101|1010011|0110000| 1101001| 1000111|0101110|1000101|1010011|1010011| 1010100|1001000|1000101| 1001111|1010100|1001000|1000101|1010010| 1010000|1001111|1001001|1001110|1010100|
1001000|1000101|1010010|1000101| 1000001|1010011| 0101100|1000101|1001100|1001100| 1000001|1010011| 1010100|1001000|1000001|1010100|
1000001|1010000|1010000|1001100|1001001|1000011|1000001|1010100|1001001|1001111|1001110|1010011| 1000001|1010010|1000101| 0101110|1010011|0101110|1000001|1001100|1001100|0101010| 1000010|0101110|1001001|1001100|1010100| 1000001|1000011|1010010|1001111|1010011|1010011| 1001110|1000101|1010100|0101100|1001111|1010010|1001011|1010011|0110000|
1110011|1001111| 1010100|1001000|1000101| 1000011|1001100|1001001|1000101|1001110|1010100| 1000001|1010000|1010000|1001100|1001001|1000011|1000001|1010100|1001001|1001111|1001110| 1001101|1001001|1000111|1001000|1010100| 1001110|1001111|1010100| 1000010|1000101| 1001111|1001110| 1010100|1001000|1000101| 1010011|1000001|1001101|1000101| 1010011|1000101|1010010|0101101|1000101|1010010| 1000001|1010011| 1010100|1001000|1000101| 1000100|1000001|1010100|1000001|1000010|1000001|1010011|1000101|0110000|
1100001|1001110|1000100| 1001001|1000110| 0101100|1000101|0110111|1010010|1000101| 1001000|1001111|1010011|1010100|1001001|1001110|1000111| 1001001|1010100| 1001001|1001110| 1100001|0101001|0101110|1010010|1000101|0110010| 1001001|1010100| 1010000|1010010|1001111|1000010|1000001|1000010|1001100|0101010| 0101100|1001111|1001110|0110111|1010100| 1000010|1000101|0110000|
1100001|1001110|1000100| 1001001|1000110| 1101001| 1000100|1001111| 1110011|1100101|1101100|1100101|1100011|1110100| 0110100|0110010| 1000010|0101110|1010100| 1000001|1000011|1010100|0101110|1000001|1001100|1001100|0101010| 1101001| 1001111|1001110|1001100|0101010| 1001110|1000101|1000101|1000100| 1010100|1001000|1000101| 1010000|1010010|1001111|1000100|0101110|1000011|1010100| 1001110|1000001|1001101|1000101| 1000001|1001110|1000100| 1010100|1001000|1000101| 1010000|1010010|1001001|1000011|1000101|0110010|
1010100|1001000|1000101|1001110| 1101001| 1001101|1001001|1000111|1001000|1010100| 1000010|1000101| 1010000|1000001|1010011|1010011|1001001|1001110|1000111| 1000001|1001110| 1000001|0101100|1000110|0101110|1001100| 1001100|1001111|1010100| 1001111|1000110| 1000100|1000001|1010100|1000001| 0101110|1001110|1001110|1000101|1000011|1000101|1010011|1010011|1000001|1010010|1001001|1001100|0101010| 1000001|1000011|1010010|1001111|1010011|1010011| 1010100|1001000|1001111|1010011|1000101| 1001110|1000101|1010100|0101100|1001111|1010010|1001011|
1000011|1001111|1001110|1001110|1000101|1000011|1010100|1001001|1001111|1001110|1010011|0110000| 1100001|1001110|1000100|
1000110|1001111|1010010| 1001111|1001110|1000101| 1010001|0101110|1000101|1010010|0101010| 1010100|1001000|1000001|1010100| 1001101|1001001|1000111|1001000|1010100| 1001110|1001111|1010100| 1001101|1000001|1010100|1010100|1000101|1010010| 1000010|0101110|1010100| 1001001|1000110| 1101001|0110111|1001101| 1000100|1001111|1001001|1001110|1000111| 1010100|1001000|1001001|1010011|
1000001| 1000011|1001111|0101110|1010000|1001100|1000101| 1001000|0101110|1001110|1000100|1010010|1000101|1000100| 1010100|1001000|1001111|0101110|1010011|1000001|1001110|1000100| 1010100|1001001|1001101|1000101|1010011|0110010| 1010100|1001000|1000101|1001110| 1010100|1001000|1000001|1010100|0110111|1010011| 1000111|1001111|1001001|1001110|1000111| 1010100|1001111| 1000001|1000100|1000100| 0101110|1010000|0110000| 1110100|1001000|1000101|1010010|1000101|0110111|1010011| 1000001| 1001100|1001111|1010100| 1001111|1000110| 1000100|1000001|1010100|1000001| 
1010100|1001000|1000001|1010100|0110111|1010011| 0101110|1001110|1001110|1000101|1000011|1000101|1010011|1010011|1000001|1010010|1001001|1001100|0101010| 1000010|1000101|1001001|1001110|1000111|
1010100|1010010|1000001|1001110|1010011|1000110|1000101|1010010|1010010|1000101|1000100| 1010011|1001111| 1101001| 1000111|0101110|1000101|1010011|1010011| 1000110|1001111|1010010| 1010100|1001000|1000001|1010100| 1010010|1000101|1000001|1010011|1001111|1001110| 1101001|0110111|1000100| 1000001|1001100|1010011|1001111| 1010000|1010010|1001111|1000010|1000001|1000010|1001100|0101010| 1000001|0101101|1001111|1001001|1000100| 1110011|1100101|1101100|1100101|1100011|1110100| 0110100|0110000|
1110011|1001111| 1010100|1001000|1000101| 1000001|1001100|1010100|1000101|1010010|1001110|1000001|1010100|1001001|0101101|1000101| 1010100|1001000|1000101|1001110| 1001001|1010011| 1010100|1001111|
1010011|1010000|1000101|1000011|1001001|1000110|0101010| 1010100|1001000|1000101| 1010011|1010000|1000101|1000011|1001001|1000110|1001001|1000011| 1000011|1001111|1001100|0101110|1001101|1001110|1010011| 0101010|1001111|0101110| 0101100|1000001|1001110|1010100|0110000| 1110011|1001111| 1101001| 1001101|1001001|1000111|1001000|1010100| 1110011|1100101|1101100|1100101|1100011|1110100|0110010| 0101100|1000101|1001100|1001100| 1010100|1001000|1000101|1010010|1000101|0110010|
1010100|1001000|1000101| 1000101|0101011|1000001|1000011|1010100| 1000101|0101011|1000001|1001101|1010000|1001100|1000101| 1101001| 0101110|1010011|1000101|1000100| 1000001| 1001101|1001001|1001110|0101110|1010100|1000101| 1000001|1000111|1001111|0110010| 1010100|1001000|1000101| 1101110|1000001|1001101|1000101| 1000001|1001110|1000100| 1010100|1001000|1000101| 1101100|1001001|1010011|1010100|1110000|1010010|1001001|1000011|1000101|
1000110|1010010|1001111|1001101| 1010100|1001000|1000101| 1110000|1010010|1001111|1000100|0101110|1000011|1010100|1001001|1001111|1001110|0110000|1110000|1010010|1001111|1000100|0101110|1000011|1010100| 1010100|1000001|1000010|1001100|1000101|0110010| 1000010|1010010|1001001|1001110|1000111| 1010100|1001000|1000001|1010100| 1000010|1000001|1000011|1001011|0110000| 1100001|1001110|1000100| 1010100|1001000|1000101|1001110| 1010100|1001000|1000001|1010100| 0101100|1000001|0101010|0110010| 1101001|0110111|0101101|1000101| 1001010|0101110|1010011|1010100| 1000111|1001111|1010100| 1010100|1001000|1000101|
1101110|1000001|1001101|1000101| 1000011|1001111|1001100|0101110|1001101|1001110| 1000001|1001110|1000100|
1010100|1001000|1000101| 1101100|1001001|1010011|1010100|1110000|1010010|1001001|1000011|1000101| 1000011|1001111|1001100|0101110|1001101|1001110|0110000| 1110100|1001000|1000101|1010010|1000101|0110111|1010011| 1000001| 1000011|1001111|0101110|1010000|1001100|1000101| 1001111|1010100|1001000|1000101|1010010| 1010100|1001000|1001001|1001110|1000111|1010011| 1101001| 1001101|1001001|1000111|1001000|1010100| 1000100|1001111| 1000001|1010011| 0101100|1000101|1001100|1001100| 1001000|1000101|1010010|1000101|0110000|
1110100|1001000|1000101|1010010|1000101|0110111|1010011| 1000001| 1000110|1000101|0101100| 1001100|1001001|1010100|1010100|1001100|1000101| 1010011|1001111|1010010|1010100| 1001111|1000110| 1000001|1000100|1000100|1001001|1010100|1001001|1001111|1001110|1000001|1001100| 1010100|1001000|1001001|1001110|1000111|1010011| 0101010|1001111|0101110| 1001101|1001001|1000111|1001000|1010100| 1000100|1001111| 1001001|1001110| 1010100|1001000|1000101| 1110011|1100101|1101100|1100101|1100011|1110100| 1000011|1001100|1000001|0101110|1010011|1000101|0110000|
1111001|1001111|0101110|0110111|1001100|1001100| 1010011|1000101|1000101| 1101001|0110111|0101101|1000101| 1000111|1001111|1010100| 1110011|1100101|1101100|1100101|1100011|1110100| 1101110|1000001|1001101|1000101| 1000001|1010011| 1110000|1010010|1001111|1000100|0101110|1000011|1010100|
1000001|1001110|1000100| 0101100|1001000|1000001|1010100| 1101001|0110111|1001101| 1000100|1001111|1001001|1001110|1000111| 1001001|1010011| 1010011|1000001|0101010|1001001|1001110|1000111| 1000010|1010010|1001001|1001110|1000111| 1000010|1000001|1000011|1001011|  1010100|1001000|1000101| 1101110|1000001|1001101|1000101| 1000011|1001111|1001100|0101110|1001101|1001110|0110010| 1010100|1001000|1000001|1010100|0110111|1010011| 0101100|1001000|1000001|1010100| 1001001|1010100| 1001001|1010011| 1000011|1000001|1001100|1001100|1000101|1000100| 1001001|1001110| 1010100|1001000|1000101|
1010100|1000001|1000010|1001100|1000101|0110010|
1000010|0101110|1010100| 1001001|1001110| 1010100|1001000|1000101| 1010010|1000101|1010011|0101110|1001100|1010100| 1010011|1000101|1010100| 1010100|1001000|1000001|1010100| 1101001|0110111|1001101| 1000111|1001111|1001001|1001110|1000111| 1010100|1001111|  1000011|1010010|1000101|1000001|1010100|1000101| 1000110|1010010|1001111|1001101| 1010100|1001000|1001001|1010011| 1110011|1100101|1101100|1100101|1100011|1110100| 1010011|1010100|1000001|1010100|1000101|1001101|1000101|1001110|1010100|
1000001|1001110|1000100| 1010100|1001000|1000101|
0101101|1001001|1010010|1010100|0101110|1000001|1001100| 1010100|1000001|1000010|1001100|1000101| 1010100|1001000|1000001|1010100| 1000111|1000101|1010100|1010011| 1000111|1000101|1001110|1000101|1010010|1000001|1010100|1000101|1000100|0110010| 1101001| 0101100|1000001|1001110|1010100| 1010100|1001111| 1000011|1000001|1001100|1001100| 1010100|1001000|1000001|1010100| 1000011|1001111|1001100|0101110|1001101|1001110| 1110000|1010010|1001111|1000100|0101110|1000011|1010100|0110000|
1110011|1001111| 0101010|1001111|0101110|0110111|1010010|1000101| 1000011|1001000|1000001|1001110|1000111|1001001|1001110|1000111| 1010100|1001000|1000101| 1001110|1000001|1001101|1000101| 1001001|1000110| 0101010|1001111|0101110| 1001100|1001001|1001011|1000101| 1001111|1000110| 1010100|1001000|1000001|1010100| 1110000|1010010|1001111|1000100|0101110|1000011|1010100|0110000| 1100001|1001110|1000100| 1010100|1001000|1000001|1010100|0110111|1010011|
1001001|1001110| 1010100|1001000|1000001|1010100| 1000101|0101011|1000001|1001101|1010000|1001100|1000101| 0101100|1000101|0110111|1010010|1000101| 1001010|0101110|1010011|1010100| 1010011|1001001|1001101|1010000|1001100|0101010| 1000011|1001000|1000001|1001110|1000111|1001001|1001110|1000111| 1001001|1010100| 1000010|1000101|1000011|1000001|0101110|1010011|1000101| 1001001|1010100|
1001101|1000001|0101010| 1000010|1000101| 1000011|1001111|1001110|1000110|0101110|1010011|1001001|1001110|1000111| 1010100|1001111| 1000011|1001111|1001100|0101110|1001101|1001110| 1000011|1000001|1001100|1001100|1000101|1000100| 1101110|1000001|1001101|1000101| 1000010|1000101|1000011|1000001|0101110|1010011|1000101| 0101100|1000101| 1001101|1001001|1000111|1001000|1010100| 1001000|1000001|0101101|1000101| 1000001| 1000011|0101110|1010011|1010100|1001111|1001101|1000101|1010010| 1000011|1001111|1001100|0101110|1001101|1001110| 
0101100|1001001|1010100|1001000| 1000001|
1000011|0101110|1010011|1010100|1001111|1001101|1000101|1010010| 1001110|1000001|1001101|1000101| 1001111|1010010| 1010011|1001111|1001101|1000101|1010100|1001000|1001001|1001110|1000111| 1001100|1001001|1001011|1000101| 1010100|1001000|1000001|1010100|0110000| 1100010|0101110|1010100| 1010100|1001000|1000101| 1001111|1010100|1001000|1000101|1010010| 1010010|1000101|1000001|1010011|1001111|1001110| 1010100|1001000|1000001|1010100| 0101010|1001111|0101110| 1001101|1001001|1000111|1001000|1010100| 1000100|1001111| 1010100|1001000|1001001|1010011| 1001001|1010011|
1000010|1000101|1000011|1000001|0101110|1010011|1000101|
0101010|1001111|0101110| 1000100|1001111|1001110|0110111|1010100| 1001000|1000001|0101101|1000101| 1010100|1001111| 1001010|0101110|1010011|1010100| 1010011|1000101|1001100|1000101|1000011|1010100| 1010100|1001000|1000101| 0101101|1000001|1001100|0101110|1000101| 1010100|1001000|1000001|1010100|0110111|1010011| 1001001|1001110| 1000001| 1000011|1001111|1001100|0101110|1001101|1001110|0110000|
1101001|1000110| 0101010|1001111|0101110| 1001100|1001111|1001111|1001011| 1000001|1010100| 1010100|1001000|1000101| 1010011|1000101|1000011|1001111|1001110|1000100| 1010100|1001000|1001001|1001110|1000111| 0101100|1000101|0110111|1010010|1000101| 1010011|1000101|1001100|1000101|1000011|1010100|1001001|1001110|1000111| 1000110|1010010|1001111|1001101| 1010100|1001000|1000101|1010010|1000101|0110010| 0101100|1000101|0110111|0101101|1000101| 1000111|1001111|1010100|
1101100|1001001|1010011|1010100|1110000|1010010|1001001|1000011|1000101|
1001101|0101110|1001100|1010100|1001001|1010000|1001100|1001001|1000101|1000100| 1000010|0101010| 00110000|90110010| 1000001| 1010011|1000001|1001100|1000101| 1010000|1010010|1001001|1000011|1000101|0110000| 1110011|1001111| 0101100|1000101|0110111|1010010|1000101| 1000001|1010000|1010000|1001100|0101010|1001001|1001110|1000111| 1000001| 10 1010000|1000101|1010010|1000011|1000101|1001110|1010100| 1000100|1001001|1010011|1000011|1001111|0101110|1001110|1010100|0110000|
0100110|1000101|0110111|0101101|1000101| 1000111|1001111|1010100| 1000001|1001110| 1000101|0101011|1010000|1010010|1000101|1010011|1010011|1001001|1001111|1001110| 1001001|1001110| 1010100|1001000|1000101|1010010|1000101| 1010100|1001000|1000001|1010100|0110111|1010011| 1000100|1001111|1001001|1001110|1000111| 1000001| 1000011|1000001|1001100|1000011|0101110|1001100|1000001|1010100|1001001|1001111|1001110|0110000|
1100001|1001110|1000100| 1000010|0101010| 1000100|1000101|1000110|1000001|0101110|1001100|1010100| 1001001|1000110| 1000100|1001001|1000100|1001110|0110111|1010100| 1001000|1000001|0101101|1000101| 1010100|1001000|1000001|1010100| 1000001|1010011| 1110011|1000001|1001100|1000101|1110000|1010010|1001001|1000011|1000101| 0101100|1001000|1000001|1010100| 0101100|1000101| 1000011|1000001|1001100|1001100| 1000001|1001110| 1000001|1001100|1001001|1000001|1010011|0110010|
0101100|1001000|1000001|1010100| 1101001| 0101100|1001111|0101110|1001100|1000100| 1000111|1000101|1010100| 1001001|1010011| 1000001| 1000011|1001111|1001100|0101110|1001101|1001110| 1010100|1001000|1000001|1010100| 1000100|1001111|1000101|1010011|1001110|0110111|1010100| 1001000|1000001|0101101|1000101| 1000001| 1001110|1000001|1001101|1000101| 1000010|1000101|1000011|1000001|0101110|1010011|1000101| 1001001|1010100| 1001010|0101110|1010011|1010100| 1000111|1001001|0101101|1000101|1010011| 1001101|1000101| 1010100|1001000|1000101| 1010010|1000101|1010011|0101110|1001100|1010100| 1001111|1000110|
1010100|1001000|1000101| 1000011|1000001|1001100|1000011|0101110|1001100|1000001|1010100|1001001|1001111|1001110|0110000| 1110011|1001111|
0101010|1001111|0101110| 1001101|1001001|1000111|1001000|1010100| 0101110|1010011|1000101| 1010100|1001000|1000101|1010011|1000101| 1000001|1001100|1001001|1000001|1010011|1000101|1010011| 1000001|1001110|1000100| 0101100|1000101|0110111|1001100|1001100| 1010011|1000101|1000101| 1010011|1001111|1001101|1000101| 1000101|0101011|1000001|1001101|1010000|1001100|1000101|1010011| 1001111|1000110| 1010100|1001000|1000101|1010011|1000101| 1001001|1001110| 1010100|1001000|1000101|
1000100|1000101|1001101|1001111|0110000|
1100010|0101110|1010100| 1001001|1010100|0110111|1010011| 0101100|1001111|1010010|1010100|1001000| 1000010|1000101|1001001|1001110|1000111| 1000001|0101100|1000001|1010010|1000101| 1010100|1001000|1000001|1010100| 1010011|1001111|1001101|1000101|1010100|1001001|1001101|1000101|1010011| 0101010|1001111|0101110| 1000011|1000001|1001110| 0101110|1010011|1000101| 1010100|1001000|1001001|1010011|
1000001|1010011| 1000011|1000001|0101110|1010011|1000101|0110000| 1110100|1001000|1000101| 1000001|1010011| 1001001|1010100|1010011|1000101|1001100|1000110| 1001001|1010011| 1001111|1010000|1010100|1001001|1001111|1001110|1000001|1001100|0110010| 0101010|1001111|0101110| 1000011|1000001|1001110| 1001101|1001001|1010011|1010011| 1001111|0101110|1010100| 1010100|1001000|1000101| 0101100|1001111|1010010|1000100| 1000001|1010011|0110000|
1110100|1001000|1000101|1010010|1000101|0110111|1010011| 1000001| 1001100|1001111|1010100| 1001111|1000110| 1010100|1001000|1001001|1001110|1000111|1010011| 1001001|1001110| 1110100|1010010|1000001|1001110|1010011|1000001|1000011|1010100|0110001|1110011|1110001|1101100|  0101100|1001000|1000101|1010010|1000101| 1001001|1001110|1000100|1001001|0101101|1001001|1000100|0101110|1000001|1001100| 0101100|1001111|1010010|1000100|1010011| 1000001|1010010|1000101|
1001111|1010000|1010100|1001001|1001111|1001110|1000001|1001100|0110000| 1100110|1001111|1010010| 0101101|1000001|1010010|1001001|1001111|0101110|1010011| 1010010|1000101|1000001|1010011|1001111|1001110|1010011| 1101001|0110111|1001101| 1000111|1001111|1001001|1001110|1000111| 1010100|1001111| 1010010|1000101|1000011|1001111|1001101|1001101|1000101|1001110|1000100| 1010100|1001000|1000001|1010100| 0101010|1001111|0101110| 1001011|1000101|1000101|1010000| 0101110|1010011|1001001|1001110|1000111|
1000001|1010011| 1000001|1001110|1000100| 0101100|1000101|0110111|1001100|1001100| 1010011|1000101|1000101| 0101100|1001000|0101010|
0101100|1001000|1000101|1001110| 0101100|1000101| 1001000|1000001|0101101|1000101| 1000001| 1001100|1001111|1001111|1001011| 1000001|1010100| 1010100|1001000|1000101| 1000100|1000101|1001101|1001111|0110000| 1100010|0101110|1010100|
1001010|0101110|1010011|1010100| 1010100|1001111| 1000010|1000101| 1000001|0101100|1000001|1010010|1000101| 1010100|1001000|1000001|1010100| 0101010|1001111|0101110| 1001101|1001001|1000111|1001000|1010100| 1001000|1000001|0101101|1000101| 1000001|1001110| 1000001|1001100|1001001|1000001|1010011| 1010100|1001000|1000001|1010100| 1001110|1000001|1001101|1000101|1010011| 1010100|1001000|1000101| 1000011|1001111|1001100|0101110|1001101|1001110| 1001001|1001110| 1010100|1001000|1001001|1010011|
0101101|1001001|1010010|1010100|0101110|1000001|1001100| 1010010|1000101|1010011|0101110|1001100|1010100| 1010011|1000101|1010100|0110010|
0101101|1001001|1010010|1010100|0101110|1000001|1001100| 1010100|1000001|1000010|1001100|1000101| 1010100|1001000|1000001|1010100| 1001001|1010011| 1010000|1010010|1001111|1000100|0101110|1000011|1000101|1000100|0110000| 1100001|1001110|1000100| 1000001|1000111|1000001|1001001|1001110| 1001001|1010100| 1001001|1010011| 1001010|0101110|1010011|1010100| 0101100|1001111|1010010|1010100|1001000| 1000010|1000101|1001001|1001110|1000111| 1000011|1001111|1000111|1001110|1001001|0101001|1000001|1001110|1010100| 1000001|1001100|1001100| 1001111|1000110| 1010100|1001000|1000101|
1010100|1001001|1001101|1000101|
1010100|1001000|1000001|1010100| 0101100|1001000|1000101|1001110|1000101|0101101|1000101|1010010| 0101010|1001111|0101110| 1001000|1000001|0101101|1000101| 1000001| 1110011|1100101|1101100|1100101|1100011|1110100| 1010011|1010100|1000001|1010100|1000101|1001101|1000101|1001110|1010100|0110010| 1010100|1001000|1000101| 1010010|1000101|1010011|0101110|1001100|1010100| 1001111|1000110| 1010100|1001000|1000001|1010100|
1001001|1010011| 1000001| 0101101|1001001|1010010|1010100|0101110|1000001|1001100| 1010100|1000001|1000010|1001100|1000101|0110000| 1101001|1010100|0110111|1010011| 1001110|1001111|1010100| 1000001| 1010100|1000001|1000010|1001100|1000101| 1010100|1001000|1000001|1010100| 1001001|1010011| 1010011|1010100|1001111|1010010|1000101|1000100| 1001001|1001110| 1010100|1001000|1000101| 1000100|1000001|1010100|1000001|1000010|1000001|1010011|1000101| 1000010|0101110|1010100| 1001001|1010100|0110111|1010011| 1000001|
1010010|1001111|0101100| 1010011|1000101|1010100|1010011|0110010| 1001001|1010100|0110111|1010011| 1000001| 1010010|1000101|1000011|1001111|1010010|1000100| 1010011|1000101|1010100| 1001111|1000110|
1000100|1000001|1010100|1000001|0110000|